,depth,ref,alt,vaf
0,164,81,83,0.511442099573
1,87,42,45,0.51786213445
2,191,95,96,0.506348880129
3,458,217,241,0.527325678047
4,79,37,42,0.537249537389
5,79,40,39,0.49572373923
6,485,230,255,0.52745795139
7,215,101,114,0.53117110331
8,62,32,30,0.497951292743
9,172,80,92,0.536455550297
10,62,35,27,0.449559041972
11,62,33,29,0.479837414404
12,127,61,66,0.527474255805
13,14,7,7,0.556470498484
14,17,9,8,0.50230529859
15,56,28,28,0.505770719728
16,36,20,16,0.470586968631
17,136,56,80,0.592943143217
18,40,20,20,0.519434738277
19,24,14,10,0.43864801887
20,433,223,210,0.486975243148
21,79,37,42,0.534702271622
22,106,57,49,0.470802349576
23,24,12,12,0.500015343312
24,58,33,25,0.441884334007
25,111,54,57,0.519400543415
26,31,16,15,0.499137522225
27,145,70,75,0.520138913849
28,54,27,27,0.513971923082
29,74,34,40,0.553847968459
30,54,25,29,0.553547560914
31,637,358,279,0.438072919728
32,98,49,49,0.509165375707
33,34,15,19,0.559060050609
34,227,114,113,0.498034231579
35,29,13,16,0.568661343382
36,123,63,60,0.490205457989
37,14,7,7,0.528057448392
38,26,12,14,0.560304445379
39,121,66,55,0.458921666808
40,209,106,103,0.495263520194
41,118,52,66,0.560125347351
42,89,43,46,0.517705358699
43,74,36,38,0.515156073079
44,22,11,11,0.532324428833
45,48,24,24,0.50674789553
46,63,31,32,0.519886925378
47,287,141,146,0.511757267792
48,141,73,68,0.487941755374
49,17,9,8,0.50298395174
50,138,61,77,0.562715503952
51,68,36,32,0.480640278168
52,50,24,26,0.536741022754
53,184,102,82,0.448244646726
54,280,148,132,0.472209642889
55,253,130,123,0.489574604248
56,43,22,21,0.498998273483
57,73,38,35,0.485745460366
58,139,75,64,0.462038183069
59,265,152,113,0.427418771377
60,61,31,30,0.505413761903
61,83,42,41,0.504786423234
62,33,16,17,0.521006971705
63,30,17,13,0.439928618758
64,225,119,106,0.474429032054
65,388,190,198,0.51114029856
66,93,45,48,0.520375410855
67,272,124,148,0.545714561864
68,143,81,62,0.439325364896
69,52,25,27,0.530299024975
70,143,70,73,0.511949596109
71,465,214,251,0.54040555266
72,96,53,43,0.451174922045
73,478,249,229,0.480111354965
74,7,4,3,0.526214486992
75,227,111,116,0.512572293403
76,109,56,53,0.493943378573
77,74,36,38,0.514150795665
78,109,62,47,0.44022118439
79,13,8,5,0.449870495053
80,80,40,40,0.504526703487
81,142,72,70,0.498653341035
82,438,213,225,0.514769619545
83,59,30,29,0.5009337638
84,44,23,21,0.479181332757
85,60,28,32,0.533799450035
86,249,128,121,0.489277695997
87,138,71,67,0.488270914019
88,58,26,32,0.552593683161
89,167,92,75,0.454331185216
90,110,60,50,0.458301846856
91,263,129,134,0.51220035683
92,49,25,24,0.4920933718
93,72,36,36,0.50393396095
94,67,30,37,0.561238279845
95,23,13,10,0.470648775731
96,134,68,66,0.49466462778
97,129,58,71,0.553085669149
98,100,53,47,0.476464353618
99,79,41,38,0.485252818501
100,24,12,12,0.533312162667
101,65,32,33,0.51130544051
102,70,35,35,0.506368732908
103,44,24,20,0.45755846221
104,85,41,44,0.529073132445
105,149,65,84,0.56708258353
106,659,334,325,0.493791947281
107,119,57,62,0.528565974399
108,129,67,62,0.486188442102
109,92,47,45,0.490218947564
110,14,8,6,0.460079720788
111,97,48,49,0.511326342979
112,106,49,57,0.543620872647
113,1174,590,584,0.498183442693
114,82,45,37,0.459076432951
115,135,73,62,0.460907346404
116,96,46,50,0.524700268753
117,31,16,15,0.512117768889
118,313,149,164,0.52428168202
119,212,106,106,0.50140297517
120,220,103,117,0.53592731757
121,40,21,19,0.488762021081
122,406,206,200,0.494014983803
123,24,12,12,0.537647099534
124,179,85,94,0.526409210542
125,893,420,473,0.529816999649
126,37,21,16,0.443768769083
127,56,28,28,0.509145979173
128,110,52,58,0.527798928957
129,60,30,30,0.516348314305
130,21,10,11,0.530835268417
131,107,49,58,0.544690673182
132,34,19,15,0.464083692636
133,160,82,78,0.488477251971
134,39,18,21,0.551932357837
135,471,232,239,0.509055147701
136,45,26,19,0.430275650906
137,72,42,30,0.425146104927
138,225,115,110,0.489032375164
139,29,15,14,0.510521053238
140,125,66,59,0.479322084518
141,369,187,182,0.493690525368
142,20,11,9,0.475735301887
143,120,60,60,0.50098165152
144,129,74,55,0.42933075597
145,218,105,113,0.518717446616
146,29,15,14,0.508084521099
147,26,12,14,0.549008059968
148,168,80,88,0.529241126045
149,134,64,70,0.526188267356
150,128,70,58,0.456305554375
151,141,75,66,0.473143721709
152,50,26,24,0.48883269492
153,126,63,63,0.502605510942
154,134,69,65,0.485167848413
155,48,22,26,0.543190340656
156,646,378,268,0.415689973097
157,160,82,78,0.488867524208
158,30,16,14,0.473205936679
159,192,87,105,0.551533282297
160,37,19,18,0.512480678633
161,219,110,109,0.501944831472
162,318,168,150,0.472605096718
163,44,22,22,0.513649860722
164,262,119,143,0.549471072955
165,151,78,73,0.488554066295
166,227,122,105,0.465570546437
167,666,359,307,0.461817918407
168,78,39,39,0.503931887302
169,47,26,21,0.463510919979
170,41,20,21,0.53281308995
171,44,21,23,0.523728745891
172,92,44,48,0.526485912705
173,140,65,75,0.53965823126
174,131,64,67,0.518922954253
175,228,119,109,0.480650377639
176,101,55,46,0.458446306793
177,427,213,214,0.501746225772
178,76,41,35,0.465215278614
179,1518,811,707,0.466102275751
180,186,101,85,0.462334356254
181,42,23,19,0.46701234127
182,34,17,17,0.513745000959
183,162,86,76,0.471946429976
184,79,37,42,0.535182481535
185,204,96,108,0.532323182183
186,160,79,81,0.507192401582
187,92,45,47,0.513583575831
188,42,22,20,0.492716805072
189,21,11,10,0.510647115791
190,63,36,27,0.440987180748
191,235,115,120,0.51356898239
192,123,55,68,0.555761149255
193,28,15,13,0.491689717795
194,118,59,59,0.508275626431
195,147,76,71,0.488444116543
196,41,22,19,0.470561869855
197,116,55,61,0.530206962584
198,105,54,51,0.488745629348
199,31,15,16,0.528513218742
200,143,72,71,0.503022858986
201,175,97,78,0.449659001479
202,295,158,137,0.464527234735
203,286,141,145,0.50714390206
204,25,13,12,0.500366585763
205,39,21,18,0.48177758265
206,167,84,83,0.501619384353
207,167,88,79,0.473232488276
208,167,89,78,0.470499063966
209,4712,2302,2410,0.511584978495
210,176,104,72,0.413157529822
211,311,163,148,0.479072319339
212,259,128,131,0.50709914984
213,191,88,103,0.543008856048
214,72,32,40,0.556657349084
215,213,116,97,0.45988808297
216,46,23,23,0.514974691843
217,78,39,39,0.506714344584
218,61,33,28,0.466065929866
219,108,50,58,0.539397492628
220,1012,495,517,0.511290566891
221,15,9,6,0.448812969303
222,198,95,103,0.524371651921
223,19,10,9,0.525915650924
224,62,30,32,0.520932385565
225,297,151,146,0.494027562437
226,106,55,51,0.484143021889
227,34,17,17,0.517188170442
228,48,26,22,0.462380800643
229,197,100,97,0.494784016351
230,48,25,23,0.493225860135
231,124,63,61,0.497055260813
232,104,51,53,0.516334638498
233,52,28,24,0.468127531347
234,853,388,465,0.545319967316
235,188,89,99,0.530142539513
236,13,7,6,0.513267048552
237,120,67,53,0.44702570909
238,51,24,27,0.540283864111
239,234,123,111,0.476612087217
240,45,20,25,0.574250434819
241,89,47,42,0.482536098052
242,165,87,78,0.472998348936
243,237,119,118,0.497954474844
244,30,16,14,0.47708554907
245,71,37,34,0.483425832234
246,62,33,29,0.468942305856
247,52,26,26,0.513392649482
248,584,288,296,0.50710692887
249,149,82,67,0.454615297344
250,28,14,14,0.525636863429
251,250,129,121,0.486183007646
252,834,446,388,0.465971400913
253,280,140,140,0.503371742659
254,21,11,10,0.495719041038
255,61,35,26,0.430671611349
256,354,152,202,0.573075938929
257,49,26,23,0.47958287944
258,155,79,76,0.490915175873
259,216,110,106,0.494706161955
260,39,19,20,0.5175397932
261,94,45,49,0.524699107366
262,3,2,1,0.510116076248
263,35,21,14,0.42387498167
264,77,43,34,0.451434878386
265,28,14,14,0.520409054494
266,511,258,253,0.496951873207
267,23,12,11,0.498839696377
268,64,27,37,0.591189155783
269,113,56,57,0.509323118541
270,422,224,198,0.47030200455
271,23,13,10,0.462916797625
272,320,157,163,0.510754612978
273,101,50,51,0.505125292619
274,37,19,18,0.501125663004
275,158,82,76,0.482426097675
276,122,60,62,0.514790615217
277,54,28,26,0.487643506608
278,107,60,47,0.445905351384
279,68,35,33,0.493211608399
280,112,59,53,0.477984835209
281,193,92,101,0.525336888089
282,488,221,267,0.547297257452
283,29,13,16,0.566439639093
284,844,493,351,0.416496897311
285,14,7,7,0.517638237885
286,85,43,42,0.499282731491
287,180,86,94,0.522602445043
288,132,67,65,0.492718557219
289,53,30,23,0.451708140076
290,81,42,39,0.487869822089
291,61,28,33,0.542315990891
292,55,29,26,0.486321169272
293,233,117,116,0.501714107131
294,142,70,72,0.512301578477
295,50,29,21,0.439958610034
296,245,125,120,0.493461033362
297,135,68,67,0.497291960649
298,225,116,109,0.485710264004
299,187,97,90,0.485111457321
300,43,21,22,0.517287635003
301,57,32,25,0.453182733187
302,211,97,114,0.544379179697
303,184,84,100,0.543825371991
304,97,46,51,0.532258481657
305,112,64,48,0.430022801986
306,358,188,170,0.476787242123
307,55,27,28,0.526525112298
308,172,83,89,0.519566498622
309,81,38,43,0.538633926202
310,80,42,38,0.486988120152
311,300,151,149,0.499931414048
312,228,114,114,0.50198758923
313,225,121,104,0.464784351129
314,368,183,185,0.502841328606
315,102,52,50,0.498244001823
316,197,103,94,0.479849621549
317,73,34,39,0.539646657541
318,138,70,68,0.494768020833
319,87,45,42,0.48336208713
320,110,54,56,0.517582511479
321,181,94,87,0.484357516791
322,44,22,22,0.51158493449
323,810,384,426,0.526206136172
324,36,21,15,0.428697628089
325,29,16,13,0.454137770109
326,318,158,160,0.504230732354
327,220,131,89,0.406136511068
328,186,99,87,0.470208723865
329,187,99,88,0.474599599937
330,98,55,43,0.447580930942
331,40,20,20,0.521485511061
332,107,53,54,0.510109134632
333,50,23,27,0.548518036108
334,265,143,122,0.463983295432
335,86,44,42,0.492137605364
336,43,24,19,0.453165463202
337,72,38,34,0.481515713379
338,151,67,84,0.556785017531
339,56,27,29,0.522943954676
340,43,24,19,0.451335507799
341,127,73,54,0.42743959739
342,127,73,54,0.427457540749
343,60,29,31,0.524614468275
344,62,33,29,0.472771489035
345,126,53,73,0.587257964986
346,23,12,11,0.51122227411
347,24,13,11,0.472544962281
348,48,26,22,0.463119970425
349,80,38,42,0.532452397742
350,136,78,58,0.427327526157
351,437,194,243,0.557383229746
352,235,131,104,0.446329071189
353,85,41,44,0.520945422922
354,98,51,47,0.482038256717
355,36,19,17,0.499963081042
356,98,45,53,0.546026047743
357,74,40,34,0.472677126516
358,138,73,65,0.476813555311
359,43,24,19,0.450252425463
360,168,81,87,0.522636531945
361,463,243,220,0.476121105391
362,89,40,49,0.554513648637
363,149,77,72,0.484088455113
364,199,96,103,0.51963313001
365,66,37,29,0.44845094939
366,125,62,63,0.506009284064
367,101,50,51,0.513952108295
368,110,56,54,0.491670079452
369,46,24,22,0.483303812722
370,102,52,50,0.49625121074
371,164,87,77,0.47002309027
372,426,209,217,0.511186662448
373,260,129,131,0.506829926204
374,861,502,359,0.417808925113
375,46,23,23,0.509833643041
376,239,117,122,0.510788208546
377,120,58,62,0.52322072858
378,893,459,434,0.487115884117
379,44,22,22,0.508430549905
380,43,24,19,0.446819957353
381,54,26,28,0.530445733766
382,11,6,5,0.509941843968
383,59,30,29,0.492049836891
384,46,24,22,0.483090691387
385,116,57,59,0.509778106632
386,140,68,72,0.517709705547
387,652,342,310,0.47594589344
388,258,120,138,0.535059664782
389,56,28,28,0.503437911702
390,40,21,19,0.49301789804
391,163,91,72,0.446439927331
392,26,12,14,0.549208902336
393,624,316,308,0.494684525144
394,325,161,164,0.50520332496
395,62,32,30,0.497047393585
396,18,10,8,0.448063039826
397,387,180,207,0.535990705876
398,89,45,44,0.503788805629
399,344,181,163,0.476312632614
400,20,10,10,0.508759894541
401,54,29,25,0.480737865298
402,100,51,49,0.497606598015
403,104,51,53,0.516451456428
404,63,33,30,0.479372371222
405,186,93,93,0.500682161033
406,34,16,18,0.543521611924
407,86,45,41,0.479699916557
408,112,60,52,0.469461665577
409,167,86,81,0.489716302736
410,203,112,91,0.448733307583
411,32,14,18,0.567343222858
412,21,12,9,0.464945406677
413,358,162,196,0.550148122953
414,139,77,62,0.452386396232
415,47,24,23,0.500020152228
416,471,231,240,0.511066345884
417,112,56,56,0.507147098851
418,325,150,175,0.539813767155
419,106,54,52,0.498389966587
420,785,402,383,0.488687669918
421,578,280,298,0.515847552436
422,77,38,39,0.517032523815
423,264,134,130,0.495402239208
424,190,89,101,0.53527365746
425,392,198,194,0.496901146591
426,38,19,19,0.501392415996
427,198,97,101,0.514209640478
428,288,131,157,0.547524380381
429,17,9,8,0.478973807262
430,30,16,14,0.474617160448
431,13,7,6,0.535692557387
432,76,44,32,0.431262854738
433,204,108,96,0.472056988791
434,449,231,218,0.487529393822
435,107,51,56,0.527066777736
436,509,258,251,0.493716367544
437,25,11,14,0.590289695388
438,18,10,8,0.464261459283
439,94,50,44,0.468678663782
440,146,78,68,0.471345746997
441,96,50,46,0.481294361706
442,12,7,5,0.497475294353
443,91,39,52,0.578777657345
444,27,15,12,0.479390499226
445,195,110,85,0.436456238932
446,144,74,70,0.488837012577
447,39,20,19,0.490870946895
448,59,27,32,0.545062609614
449,34,18,16,0.498294526437
450,93,49,44,0.475785499645
451,259,138,121,0.467627651813
452,37,18,19,0.517061525088
453,165,84,81,0.495880148714
454,58,29,29,0.515036658221
455,45,25,20,0.463851558844
456,89,45,44,0.494977605856
457,35,17,18,0.526689163104
458,57,32,25,0.440093687139
459,30,17,13,0.462315413056
460,713,364,349,0.490564002075
461,103,48,55,0.538862380854
462,49,22,27,0.552270542584
463,123,66,57,0.467954253478
464,89,43,46,0.525119748797
465,80,37,43,0.548795551833
466,184,88,96,0.524399737029
467,213,107,106,0.500468250555
468,58,29,29,0.503533206209
469,56,30,26,0.480245830231
470,75,40,35,0.473325758186
471,10,6,4,0.482863216169
472,21,11,10,0.482796892611
473,392,204,188,0.480502570746
474,518,284,234,0.453122990815
475,77,35,42,0.548150606726
476,177,78,99,0.563331614869
477,136,69,67,0.493656367757
478,2173,957,1216,0.559889359928
479,306,139,167,0.547368436639
480,87,45,42,0.493425364734
481,38,18,20,0.53626313018
482,20,11,9,0.483042632498
483,122,59,63,0.516850520472
484,46,24,22,0.487243498701
485,24,12,12,0.535351731268
486,52,26,26,0.504328400383
487,33,17,16,0.50954127695
488,540,294,246,0.455820765395
489,241,112,129,0.535955854606
490,99,51,48,0.48605012112
491,439,224,215,0.49189168185
492,108,53,55,0.51375625299
493,42,20,22,0.535319924867
494,458,230,228,0.499629248719
495,171,88,83,0.486543986876
496,35,18,17,0.495807284596
497,82,40,42,0.513642657527
498,41,20,21,0.528812942856
499,25,12,13,0.520753259038
500,252,131,121,0.483443176149
501,674,314,360,0.534229653199
502,24,12,12,0.519126401734
503,175,86,89,0.513154014222
504,52,25,27,0.524406253672
505,61,27,34,0.559410984538
506,55,30,25,0.472141292935
507,42,23,19,0.457286953699
508,104,49,55,0.532643458135
509,43,20,23,0.544921922495
510,131,65,66,0.506578039291
511,95,44,51,0.54620921367
512,78,37,41,0.53335370398
513,40,21,19,0.498244709161
514,56,30,26,0.466357429711
515,212,109,103,0.487600680278
516,165,87,78,0.474579716619
517,37,18,19,0.5179033748
518,110,57,53,0.483119845745
519,211,114,97,0.460692845141
520,18,10,8,0.493085804485
521,172,87,85,0.496825866242
522,51,29,22,0.440734057067
523,176,97,79,0.45286038786
524,46,21,25,0.55860436804
525,16,10,6,0.420902571955
526,19,12,7,0.405079310902
527,104,52,52,0.509557849817
528,129,68,61,0.477401864033
529,40,20,20,0.518343071693
530,189,99,90,0.477565057203
531,18,10,8,0.472081914026
532,93,50,43,0.470716824441
533,29,15,14,0.496717676147
534,52,27,25,0.49172689501
535,104,49,55,0.532902878049
536,42,23,19,0.453976387153
537,68,35,33,0.485626726296
538,273,140,133,0.490492261284
539,56,26,30,0.536259717767
540,230,111,119,0.520643690264
541,32,15,17,0.537307285152
542,169,71,98,0.580341405945
543,422,207,215,0.51038726662
544,8,5,3,0.433717102564
545,45,20,25,0.555905479802
546,178,87,91,0.513567788875
547,81,39,42,0.523179532986
548,144,79,65,0.452382105961
549,54,26,28,0.519827789568
550,109,54,55,0.508499868398
551,85,42,43,0.510924919849
552,321,163,158,0.494586477969
553,128,62,66,0.522100194388
554,140,74,66,0.473861334497
555,66,33,33,0.512217668839
556,61,33,28,0.472524424111
557,64,36,28,0.44396565233
558,148,67,81,0.551672359899
559,65,35,30,0.465221316179
560,133,72,61,0.459766316915
561,796,370,426,0.535397700004
562,238,110,128,0.541066313962
563,72,39,33,0.461522153936
564,332,169,163,0.493588104427
565,66,37,29,0.451764420224
566,13,7,6,0.490368992589
567,36,19,17,0.480696921275
568,15,8,7,0.4795839864
569,70,33,37,0.536878651707
570,101,53,48,0.482825626813
571,534,234,300,0.563654768953
572,138,72,66,0.479261696933
573,80,40,40,0.511029934066
574,229,126,103,0.453209483643
575,10,6,4,0.488472514314
576,126,68,58,0.465315265135
577,216,107,109,0.505441314604
578,22,11,11,0.525946554072
579,313,161,152,0.487611106886
580,140,78,62,0.446099953518
581,66,34,32,0.487198798256
582,188,92,96,0.511168904461
583,968,522,446,0.461040716444
584,119,58,61,0.513863104002
585,128,71,57,0.45283974551
586,63,33,30,0.477466871407
587,42,21,21,0.503406897696
588,229,118,111,0.485467035976
589,42,21,21,0.521207905479
590,107,63,44,0.419007258518
591,62,32,30,0.498703512211
592,161,83,78,0.49002316468
593,139,67,72,0.518487732807
594,282,138,144,0.51276130365
595,60,30,30,0.500116654246
596,76,37,39,0.520009397356
597,37,21,16,0.433270273974
598,64,35,29,0.465673596219
599,145,77,68,0.473350841034
600,213,104,109,0.515719917633
601,39,20,19,0.50806532281
602,238,132,106,0.44728049286
603,387,196,191,0.493556582121
604,151,74,77,0.511230067662
605,653,340,313,0.480180075812
606,46,26,20,0.447556288032
607,28,15,13,0.477577355454
608,16,7,9,0.570226019339
609,446,194,252,0.565957094191
610,192,98,94,0.494044196974
611,94,48,46,0.492913111517
612,132,65,67,0.510998307867
613,32,16,16,0.503423267344
614,1153,611,542,0.470607136369
615,113,62,51,0.454622607212
616,111,52,59,0.532182904069
617,206,114,92,0.44801880246
618,161,74,87,0.541889690763
619,125,72,53,0.426822171866
620,45,20,25,0.556671438089
621,160,83,77,0.481492924581
622,656,374,282,0.431387244203
623,383,181,202,0.529524080489
624,491,242,249,0.50752619859
625,59,30,29,0.505450312439
626,37,19,18,0.49565631375
627,88,45,43,0.49286284234
628,105,56,49,0.469417963754
629,298,153,145,0.489757979367
630,18,9,9,0.503908850123
631,461,257,204,0.443738795452
632,85,41,44,0.525368552575
633,65,34,31,0.477368729327
634,36,21,15,0.423707872465
635,19,10,9,0.491362127963
636,227,92,135,0.59844391144
637,107,52,55,0.52288125853
638,27,12,15,0.564543880467
639,27,13,14,0.532248526105
640,71,36,35,0.50095348978
641,530,243,287,0.542758394612
642,77,33,44,0.575763253766
643,22,11,11,0.523642326508
644,78,37,41,0.527854801227
645,76,37,39,0.515335351347
646,6,4,2,0.451672847953
647,94,45,49,0.524532231514
648,79,42,37,0.46877336899
649,200,96,104,0.523560725155
650,635,354,281,0.443898684159
651,308,169,139,0.45416418996
652,76,39,37,0.495465312081
653,33,17,16,0.489141442526
654,1310,608,702,0.536266867103
655,106,52,54,0.514035077819
656,101,52,49,0.488413107481
657,97,51,46,0.482283454912
658,121,60,61,0.506686961753
659,86,44,42,0.491539346448
660,56,28,28,0.517504187819
661,57,28,29,0.523094216555
662,96,45,51,0.541356850149
663,58,28,30,0.517790574279
664,49,25,24,0.500042495385
665,111,59,52,0.476180591896
666,77,34,43,0.564659081424
667,449,222,227,0.507358123849
668,7,3,4,0.576487755646
669,297,165,132,0.445049437864
670,347,176,171,0.493067823837
671,12,7,5,0.489788315727
672,70,37,33,0.480367430426
673,68,34,34,0.500188608917
674,24,13,11,0.472432621241
675,45,24,21,0.478629902743
676,32,15,17,0.532863805772
677,576,312,264,0.459816388097
678,254,136,118,0.464817567491
679,356,172,184,0.51762873124
680,205,99,106,0.520040171075
681,32,20,12,0.375734299643
682,59,28,31,0.530363330659
683,163,83,80,0.495238200394
684,29,14,15,0.538544048044
685,204,104,100,0.494025893703
686,78,37,41,0.528318271501
687,68,29,39,0.578124202011
688,203,103,100,0.494408609105
689,155,79,76,0.492506695716
690,69,34,35,0.520891047411
691,318,160,158,0.497130378286
692,33,18,15,0.465795759627
693,185,92,93,0.504384731406
694,180,91,89,0.499850611062
695,73,36,37,0.509572591272
696,138,62,76,0.552059284752
697,28,15,13,0.498997027847
698,251,134,117,0.469294172127
699,83,36,47,0.577054893701
700,59,34,25,0.436045585158
701,285,139,146,0.515270663987
702,49,26,23,0.479480231332
703,24,12,12,0.529060797904
704,21,10,11,0.537367388577
705,183,97,86,0.472783708723
706,27,13,14,0.525877438674
707,578,305,273,0.472559626246
708,12,7,5,0.448421026897
709,545,298,247,0.453389428684
710,123,60,63,0.512792635499
711,90,43,47,0.524980280217
712,57,28,29,0.522316284477
713,149,78,71,0.479294902084
714,96,52,44,0.460440991698
715,301,163,138,0.460432604285
716,112,56,56,0.506485370276
717,116,50,66,0.577253085523
718,69,33,36,0.534837681183
719,94,44,50,0.540316984547
720,136,67,69,0.51130834462
721,18,8,10,0.592493217086
722,25,14,11,0.450576265947
723,210,103,107,0.514085201342
724,118,54,64,0.549471109401
725,83,46,37,0.453728251988
726,101,51,50,0.498067838101
727,141,71,70,0.498978065321
728,58,31,27,0.48205573867
729,45,25,20,0.45617064327
730,121,53,68,0.569741539516
731,37,20,17,0.476367591699
732,150,79,71,0.475678735153
733,18,10,8,0.482256585045
734,279,142,137,0.492038064211
735,160,79,81,0.507840211933
736,129,61,68,0.530190534204
737,267,125,142,0.53197849383
738,528,236,292,0.554125105256
739,275,135,140,0.509385856201
740,15,7,8,0.561160824066
741,27,14,13,0.488000495987
742,53,27,26,0.503813958662
743,102,52,50,0.496555705383
744,167,79,88,0.53132235631
745,48,26,22,0.474317350669
746,120,54,66,0.552985055349
747,46,24,22,0.492506728117
748,54,27,27,0.503879910653
749,24,13,11,0.477276533042
750,39,20,19,0.490690021995
751,25,13,12,0.488814487012
752,37,19,18,0.509556568648
753,286,126,160,0.562082794677
754,38,19,19,0.521420657589
755,1390,698,692,0.498109988316
756,163,81,82,0.503940035422
757,120,62,58,0.486022517724
758,42,20,22,0.542115800339
759,201,96,105,0.522651321009
760,56,27,29,0.525181531413
761,112,60,52,0.468984539457
762,1293,642,651,0.503815622518
763,90,51,39,0.439244991446
764,315,165,150,0.477001683465
765,49,23,26,0.541945309176
766,96,53,43,0.453253473484
767,587,290,297,0.507471140491
768,53,29,24,0.459112629247
769,612,341,271,0.443459635616
770,202,95,107,0.530401285669
771,56,29,27,0.49942680645
772,188,105,83,0.442818877025
773,264,146,118,0.44847675915
774,186,93,93,0.504452112145
775,20,10,10,0.525432534402
776,48,26,22,0.472601702281
777,78,38,40,0.524915519691
778,92,46,46,0.50839504397
779,186,95,91,0.490582062122
780,119,59,60,0.505580301354
781,26,14,12,0.464609525755
782,146,74,72,0.49619118484
783,184,97,87,0.475816133011
784,175,89,86,0.493456969311
785,294,152,142,0.483211195521
786,230,126,104,0.45437336053
787,158,77,81,0.517073826161
788,93,41,52,0.561698855814
789,18,9,9,0.520907312711
790,153,77,76,0.502444657131
791,123,60,63,0.518774384785
792,131,62,69,0.532963643872
793,27,12,15,0.559737014982
794,33,17,16,0.494589388814
795,286,147,139,0.486559461242
796,96,48,48,0.505242142316
797,197,105,92,0.467697387681
798,102,56,46,0.460494738927
799,103,51,52,0.509930434808
800,255,124,131,0.517352874313
801,59,32,27,0.465587404876
802,110,58,52,0.474999853787
803,62,35,27,0.447153462806
804,64,32,32,0.502704160692
805,73,40,33,0.465474802743
806,124,60,64,0.516515518588
807,61,32,29,0.489208594334
808,351,159,192,0.547349997335
809,40,19,21,0.533162411207
810,82,38,44,0.546193209727
811,64,34,30,0.484205802362
812,425,196,229,0.539406354374
813,121,61,60,0.50186490825
814,280,137,143,0.512174944885
815,22,12,10,0.479321905038
816,130,67,63,0.49184235407
817,243,119,124,0.510796682839
818,108,49,59,0.547140565337
819,290,145,145,0.502697150927
820,59,28,31,0.533930298765
821,409,205,204,0.500785335482
822,996,476,520,0.522789129891
823,69,36,33,0.482231103436
824,64,34,30,0.475593183308
825,427,207,220,0.517190899088
826,485,240,245,0.506485153081
827,59,31,28,0.47719244403
828,65,33,32,0.493369867686
829,75,34,41,0.559810334243
830,26,12,14,0.565949500284
831,39,23,16,0.430695439387
832,36,20,16,0.4459174969
833,46,26,20,0.454267141855
834,96,46,50,0.531046409569
835,126,65,61,0.488709872276
836,471,262,209,0.445185017789
837,36,20,16,0.472007026282
838,267,142,125,0.469996523423
839,80,39,41,0.512659028168
840,95,49,46,0.489133633086
841,196,112,84,0.433163182754
842,32,17,15,0.486716197948
843,146,71,75,0.519166661025
844,118,54,64,0.545175542973
845,163,79,84,0.518394200363
846,133,69,64,0.486175771919
847,1164,544,620,0.533411406815
848,52,27,25,0.487600056669
849,58,29,29,0.506574574005
850,53,26,27,0.524579074799
851,57,28,29,0.511584554515
852,52,27,25,0.49076504437
853,328,183,145,0.443909345659
854,413,222,191,0.464171589746
855,56,26,30,0.542780776239
856,43,22,21,0.497904077314
857,160,66,94,0.589396778603
858,57,27,30,0.53770233937
859,188,91,97,0.519217230873
860,122,69,53,0.437545089632
861,21,10,11,0.556357180185
862,469,221,248,0.529650428409
863,602,313,289,0.481228582649
864,54,27,27,0.511220632837
865,67,37,30,0.459460043274
866,133,61,72,0.547741139035
867,139,63,76,0.548971078812
868,193,89,104,0.542682033801
869,746,382,364,0.488075654708
870,83,39,44,0.535553424742
871,45,26,19,0.441263733482
872,25,13,12,0.495143446602
873,48,25,23,0.490183942983
874,96,51,45,0.475415318585
875,601,283,318,0.529882584433
876,59,31,28,0.480932341666
877,125,60,65,0.521082234806
878,98,47,51,0.52510124825
879,328,168,160,0.488402780577
880,1251,664,587,0.469501676644
881,58,27,31,0.542246027753
882,61,30,31,0.512369266728
883,284,145,139,0.492119794426
884,197,89,108,0.552530518328
885,633,304,329,0.519789060569
886,179,94,85,0.478978263766
887,69,36,33,0.491077046496
888,180,90,90,0.503275626423
889,303,167,136,0.450395867284
890,227,99,128,0.566852772463
891,166,99,67,0.407535494617
892,290,136,154,0.533835167162
893,321,155,166,0.518604670729
894,398,165,233,0.586516850352
895,191,95,96,0.507148824113
896,84,37,47,0.56737477511
897,115,59,56,0.48728805838
898,334,148,186,0.557022738285
899,44,20,24,0.554453953847
900,144,77,67,0.470947309518
901,67,32,35,0.534902404778
902,102,59,43,0.426920174374
903,359,184,175,0.489934940225
904,121,56,65,0.537428655758
905,104,56,48,0.467829699641
906,25,14,11,0.45118467617
907,210,101,109,0.521186604687
908,190,99,91,0.480352161172
909,869,417,452,0.520256370594
910,73,35,38,0.526100661288
911,124,55,69,0.558691885927
912,128,63,65,0.509913631122
913,484,267,217,0.450286013865
914,90,46,44,0.489234258332
915,132,66,66,0.5045042995
916,183,95,88,0.483821631257
917,120,58,62,0.52346613428
918,63,34,29,0.467170220804
919,121,53,68,0.568442930406
920,292,148,144,0.49504172347
921,35,19,16,0.457889333153
922,114,61,53,0.465998245902
923,49,23,26,0.546020798322
924,330,177,153,0.464960693504
925,21,11,10,0.512331932748
926,57,26,31,0.557159472252
927,145,78,67,0.462786866147
928,478,217,261,0.546200815438
929,93,44,49,0.528066652963
930,57,32,25,0.454577557503
931,656,314,342,0.522013366206
932,23,11,12,0.539436145753
933,11,7,4,0.446213813957
934,155,79,76,0.492339277537
935,60,31,29,0.497823064776
936,36,19,17,0.477554968265
937,203,105,98,0.48591303479
938,127,68,59,0.468891539386
939,56,28,28,0.508492264583
940,27,17,10,0.390461519886
941,239,120,119,0.49952529782
942,191,97,94,0.494826529136
943,90,46,44,0.489129297817
944,633,303,330,0.521525536445
945,34,17,17,0.501641985954
946,21,11,10,0.503325087831
947,50,26,24,0.48573482752
948,95,50,45,0.475964255896
949,127,65,62,0.491799159563
950,78,37,41,0.538259635788
951,142,63,79,0.556770161926
952,28,13,15,0.548723380111
953,423,209,214,0.507476027314
954,92,44,48,0.530133523895
955,305,149,156,0.512057056473
956,140,75,65,0.468834313511
957,157,82,75,0.479013231554
958,176,89,87,0.496850847525
959,156,83,73,0.469212275823
960,190,100,90,0.475389160268
961,377,181,196,0.520848623448
962,121,58,63,0.523877008534
963,203,113,90,0.443943161024
964,91,47,44,0.484256590469
965,422,205,217,0.514861091528
966,50,25,25,0.510602192012
967,605,317,288,0.476587829956
968,96,48,48,0.508122320288
969,23,13,10,0.469688492016
970,113,61,52,0.462422059828
971,50,23,27,0.540101712525
972,231,110,121,0.525054368008
973,52,25,27,0.534154900312
974,64,34,30,0.480292066993
975,15,8,7,0.47413913034
976,63,31,32,0.510254137818
977,8,5,3,0.485183148327
978,20,10,10,0.510470629987
979,213,103,110,0.518028702137
980,219,108,111,0.508902365316
981,153,74,79,0.518736540864
982,38,18,20,0.531458290715
983,95,52,43,0.461331913131
984,99,50,49,0.500863851865
985,31,16,15,0.512592321531
986,449,209,240,0.534709698415
987,240,112,128,0.534449824308
988,80,42,38,0.47557180735
989,102,55,47,0.468112792758
990,123,63,60,0.494722771244
991,12,6,6,0.51601442054
992,78,36,42,0.546007247796
993,50,27,23,0.465475173263
994,36,21,15,0.431289725506
995,75,35,40,0.533947376836
996,603,270,333,0.552287707311
997,189,88,101,0.535097499121
998,56,29,27,0.492444379314
999,177,91,86,0.486567530419
